{"nbformat":4,"nbformat_minor":0,"metadata":{"colab":{"name":"PS1.ipynb","provenance":[],"collapsed_sections":[],"toc_visible":true,"authorship_tag":"ABX9TyMz56OfaZfyy/XO3bBCHjrP"},"kernelspec":{"name":"python3","display_name":"Python 3"},"language_info":{"name":"python"}},"cells":[{"cell_type":"code","source":["import numpy as np"],"metadata":{"id":"mkqTrheMlXcN","executionInfo":{"status":"ok","timestamp":1661238035803,"user_tz":-480,"elapsed":2,"user":{"displayName":"Yue Yu","userId":"14223085947757121068"}}},"execution_count":1,"outputs":[]},{"cell_type":"markdown","source":["# 3"],"metadata":{"id":"MV9xIgk7-hsV"}},{"cell_type":"code","source":["from time import time"],"metadata":{"id":"C-VPLLsM-4GZ"},"execution_count":null,"outputs":[]},{"cell_type":"code","source":["A = np.random.normal(loc=0.,\n","                     scale=1.,\n","                     size=(5000,5000))\n","b = np.random.normal(loc=0.,\n","                     scale=1.,\n","                     size=(5000,1))"],"metadata":{"id":"f4hfdmO2-7AK"},"execution_count":null,"outputs":[]},{"cell_type":"markdown","source":["Solve $\\mathbf{A} \\boldsymbol{x} = \\boldsymbol{b}$ with `solve`"],"metadata":{"id":"85AXaKdw_gGG"}},{"cell_type":"code","source":["start = time()\n","_ = np.linalg.solve(A, b)\n","end = time()\n","\n","print('spent:', end-start)"],"metadata":{"colab":{"base_uri":"https://localhost:8080/"},"id":"3T9st6oZ_VfB","executionInfo":{"status":"ok","timestamp":1660306924834,"user_tz":-480,"elapsed":3385,"user":{"displayName":"Yue Yu","userId":"14223085947757121068"}},"outputId":"47c890b4-a86f-44a6-c97d-2bb1e2a05224"},"execution_count":null,"outputs":[{"output_type":"stream","name":"stdout","text":["spent: 3.1150851249694824\n"]}]},{"cell_type":"markdown","source":["Solve $\\mathbf{A} \\boldsymbol{x} = \\boldsymbol{b}$ with `inv`"],"metadata":{"id":"QocZ2HbS_gbX"}},{"cell_type":"code","source":["start = time()\n","# `@` is a shorthand for `np.matmul`\n","_ = np.linalg.inv(A) @ b\n","end = time()\n","\n","print('spent:', end-start)"],"metadata":{"colab":{"base_uri":"https://localhost:8080/"},"id":"10M3NSoo_etq","executionInfo":{"status":"ok","timestamp":1660307199336,"user_tz":-480,"elapsed":11408,"user":{"displayName":"Yue Yu","userId":"14223085947757121068"}},"outputId":"9ae4b413-4fa1-4b87-80fd-7c5a97ae6ba2"},"execution_count":null,"outputs":[{"output_type":"stream","name":"stdout","text":["spent: 11.219438552856445\n"]}]},{"cell_type":"markdown","source":["## Conclusion\n","\n","Prioritize `solve` against `inv` when solving square matrix linear systems."],"metadata":{"id":"fm_-6cDLBfaI"}},{"cell_type":"markdown","source":["# 4"],"metadata":{"id":"rq2Hskyk-jtl"}},{"cell_type":"code","source":["A = np.random.normal(loc=0.,\n","                     scale=1.,\n","                     size=(100,100))"],"metadata":{"id":"2J8pgMc6B2Bs","executionInfo":{"status":"ok","timestamp":1661238041543,"user_tz":-480,"elapsed":308,"user":{"displayName":"Yue Yu","userId":"14223085947757121068"}}},"execution_count":2,"outputs":[]},{"cell_type":"code","source":["U, S, Vt = np.linalg.svd(A)\n","Sigma = np.diag(S)"],"metadata":{"id":"bAUt7HEPqYJY","executionInfo":{"status":"ok","timestamp":1661238045820,"user_tz":-480,"elapsed":337,"user":{"displayName":"Yue Yu","userId":"14223085947757121068"}}},"execution_count":3,"outputs":[]},{"cell_type":"markdown","source":["There is trivial difference between $\\mathbf{A}^\\dagger$ and $\\mathbf{V} \\mathbf{\\Sigma}^\\dagger \\mathbf{U}^{\\mathsf{T}}$ since they are determined numerically. They deviate from each other when the threshold falls below `1e-7`."],"metadata":{"id":"P_F5epy4rXXj"}},{"cell_type":"code","source":["False in (Vt.T @ np.linalg.pinv(Sigma) @ U.T - np.linalg.pinv(A) < 1e-6)"],"metadata":{"colab":{"base_uri":"https://localhost:8080/"},"id":"3KIh7t-cDDBW","executionInfo":{"status":"ok","timestamp":1661238048348,"user_tz":-480,"elapsed":328,"user":{"displayName":"Yue Yu","userId":"14223085947757121068"}},"outputId":"5aff33a4-bd49-44a5-da96-f60dda6cbc52"},"execution_count":4,"outputs":[{"output_type":"execute_result","data":{"text/plain":["False"]},"metadata":{},"execution_count":4}]},{"cell_type":"markdown","source":["# 7"],"metadata":{"id":"b2pM39MC-mPr"}},{"cell_type":"code","source":["a = np.random.normal(loc=0.,\n","                     scale=1.,\n","                     size=500)\n","b = np.random.normal(loc=0.,\n","                     scale=1.,\n","                     size=500)"],"metadata":{"id":"yh4U9B7Es66v"},"execution_count":null,"outputs":[]},{"cell_type":"markdown","source":["## (a)"],"metadata":{"id":"bI2PilZN-uqZ"}},{"cell_type":"code","source":["np.square(np.linalg.norm(a))"],"metadata":{"colab":{"base_uri":"https://localhost:8080/"},"id":"_f22dGX4tGlO","executionInfo":{"status":"ok","timestamp":1660402689612,"user_tz":-480,"elapsed":297,"user":{"displayName":"Yue Yu","userId":"14223085947757121068"}},"outputId":"69c724fe-be58-49e4-8997-09725946d75b"},"execution_count":null,"outputs":[{"output_type":"execute_result","data":{"text/plain":["500.7376584630145"]},"metadata":{},"execution_count":13}]},{"cell_type":"markdown","source":["My own implementation"],"metadata":{"id":"IgE0aoiltXuL"}},{"cell_type":"code","source":["np.sum(a * a)"],"metadata":{"colab":{"base_uri":"https://localhost:8080/"},"id":"w0I6bjY1tXOC","executionInfo":{"status":"ok","timestamp":1660402692785,"user_tz":-480,"elapsed":306,"user":{"displayName":"Yue Yu","userId":"14223085947757121068"}},"outputId":"dd2b3047-c0f7-410d-ee97-546d4941a88e"},"execution_count":null,"outputs":[{"output_type":"execute_result","data":{"text/plain":["500.7376584630145"]},"metadata":{},"execution_count":14}]},{"cell_type":"markdown","source":["## (b)"],"metadata":{"id":"8iyydlVl-v4M"}},{"cell_type":"code","source":["np.square(np.linalg.norm(a - b)) / 500"],"metadata":{"colab":{"base_uri":"https://localhost:8080/"},"id":"zS_2JyPqtr2d","executionInfo":{"status":"ok","timestamp":1660402794050,"user_tz":-480,"elapsed":306,"user":{"displayName":"Yue Yu","userId":"14223085947757121068"}},"outputId":"2bd1bec8-4d1c-4879-eed2-23b5c5e9f02b"},"execution_count":null,"outputs":[{"output_type":"execute_result","data":{"text/plain":["1.8501932513981907"]},"metadata":{},"execution_count":16}]},{"cell_type":"markdown","source":["# 10"],"metadata":{"id":"p5VISAH_-nx4"}},{"cell_type":"markdown","source":["## (a)"],"metadata":{"id":"5djYXnyH-pGA"}},{"cell_type":"code","source":["def generate_matrix(n):\n","    A = np.random.normal(loc=0.,\n","                         scale=1,\n","                         size=(n,n))\n","    \n","    return A @ A.T / n"],"metadata":{"id":"uneigFCkuCOG"},"execution_count":null,"outputs":[]},{"cell_type":"markdown","source":["$$\n","\\lim_{n \\to ∞} \\frac{1}{n} \\mathbf{A}_{n \\times n} \\mathbf{A}_{n \\times n}^\\mathsf{T} = \\mathbf{I}_{n \\times n}\n","$$"],"metadata":{"id":"ET-6znSWvGdm"}},{"cell_type":"code","source":["generate_matrix(10)"],"metadata":{"colab":{"base_uri":"https://localhost:8080/"},"id":"7PtSB_ANuxBS","executionInfo":{"status":"ok","timestamp":1660403004616,"user_tz":-480,"elapsed":294,"user":{"displayName":"Yue Yu","userId":"14223085947757121068"}},"outputId":"c6c82376-755b-4a36-9698-b2d14671ce38"},"execution_count":null,"outputs":[{"output_type":"execute_result","data":{"text/plain":["array([[ 1.61303464,  0.32606821, -0.27338126, -0.04090386,  0.10554306,\n","         0.81639868, -0.80663109, -0.27621728, -0.20926759,  0.95005824],\n","       [ 0.32606821,  1.21810092, -0.17426875, -0.1854334 ,  0.48531716,\n","        -0.32236305, -0.16750074,  0.12687946,  0.46107913,  0.08798947],\n","       [-0.27338126, -0.17426875,  1.36590405,  0.32960568,  0.10050751,\n","        -0.445838  ,  0.26457277, -0.19343991,  0.54584419, -0.21568079],\n","       [-0.04090386, -0.1854334 ,  0.32960568,  1.05988711, -0.16408272,\n","         0.9225742 ,  0.06376235,  0.32061476, -0.5452233 ,  0.5265089 ],\n","       [ 0.10554306,  0.48531716,  0.10050751, -0.16408272,  0.55737383,\n","        -0.15006045, -0.33744167,  0.07428361,  0.15528469, -0.06795785],\n","       [ 0.81639868, -0.32236305, -0.445838  ,  0.9225742 , -0.15006045,\n","         2.09381798, -0.53490676,  0.15152753, -0.97881204,  0.81102528],\n","       [-0.80663109, -0.16750074,  0.26457277,  0.06376235, -0.33744167,\n","        -0.53490676,  1.53286776, -0.21423272,  0.15999517, -0.85688241],\n","       [-0.27621728,  0.12687946, -0.19343991,  0.32061476,  0.07428361,\n","         0.15152753, -0.21423272,  0.43917851, -0.28221573,  0.34199093],\n","       [-0.20926759,  0.46107913,  0.54584419, -0.5452233 ,  0.15528469,\n","        -0.97881204,  0.15999517, -0.28221573,  1.34877405, -0.53271102],\n","       [ 0.95005824,  0.08798947, -0.21568079,  0.5265089 , -0.06795785,\n","         0.81102528, -0.85688241,  0.34199093, -0.53271102,  1.6292942 ]])"]},"metadata":{},"execution_count":18}]},{"cell_type":"code","source":["generate_matrix(100)"],"metadata":{"colab":{"base_uri":"https://localhost:8080/"},"id":"t1_W1yxRu0-_","executionInfo":{"status":"ok","timestamp":1660403019516,"user_tz":-480,"elapsed":329,"user":{"displayName":"Yue Yu","userId":"14223085947757121068"}},"outputId":"8d86c37f-f7ec-42f1-8bc3-919eb86f830e"},"execution_count":null,"outputs":[{"output_type":"execute_result","data":{"text/plain":["array([[ 8.43041082e-01, -9.78567910e-02, -8.33026848e-02, ...,\n","         2.38239816e-01, -5.91184065e-02, -1.35133234e-02],\n","       [-9.78567910e-02,  9.14692168e-01, -1.79884781e-01, ...,\n","        -5.91122511e-02,  2.16744088e-02, -8.22158439e-02],\n","       [-8.33026848e-02, -1.79884781e-01,  1.09914255e+00, ...,\n","         7.53532395e-03, -3.50233172e-02, -1.16229297e-01],\n","       ...,\n","       [ 2.38239816e-01, -5.91122511e-02,  7.53532395e-03, ...,\n","         9.38279826e-01,  8.95434870e-02,  1.10402620e-03],\n","       [-5.91184065e-02,  2.16744088e-02, -3.50233172e-02, ...,\n","         8.95434870e-02,  1.15636398e+00,  3.52259508e-03],\n","       [-1.35133234e-02, -8.22158439e-02, -1.16229297e-01, ...,\n","         1.10402620e-03,  3.52259508e-03,  8.93189067e-01]])"]},"metadata":{},"execution_count":19}]},{"cell_type":"code","source":["generate_matrix(1000)"],"metadata":{"colab":{"base_uri":"https://localhost:8080/"},"id":"9WLDHNTMu4Z7","executionInfo":{"status":"ok","timestamp":1660403032086,"user_tz":-480,"elapsed":299,"user":{"displayName":"Yue Yu","userId":"14223085947757121068"}},"outputId":"272daecf-683f-4032-af93-1fa2615bc9da"},"execution_count":null,"outputs":[{"output_type":"execute_result","data":{"text/plain":["array([[ 0.98500618, -0.02876766, -0.04243413, ..., -0.04969708,\n","         0.01766531,  0.00440646],\n","       [-0.02876766,  1.00959411,  0.07267103, ..., -0.04278422,\n","        -0.01227168, -0.03536624],\n","       [-0.04243413,  0.07267103,  0.96802923, ..., -0.00743289,\n","        -0.02964955,  0.02773229],\n","       ...,\n","       [-0.04969708, -0.04278422, -0.00743289, ...,  0.99397877,\n","        -0.04377132, -0.04786017],\n","       [ 0.01766531, -0.01227168, -0.02964955, ..., -0.04377132,\n","         0.88121368, -0.00107025],\n","       [ 0.00440646, -0.03536624,  0.02773229, ..., -0.04786017,\n","        -0.00107025,  0.93919165]])"]},"metadata":{},"execution_count":20}]},{"cell_type":"markdown","source":["## (b)"],"metadata":{"id":"JT5Rs3LV-qwp"}},{"cell_type":"markdown","source":["Stack $\\mathbf{A}_1, \\mathbf{A}_2, \\dots, \\mathbf{A}_m$ in a 3D fashion and initialize them simultaneously."],"metadata":{"id":"sp_MbPzSw5NA"}},{"cell_type":"code","source":["def get_sum(m, n=10):\n","    A_stack = np.random.normal(loc=0.,\n","                               scale=1.,\n","                               size=(n,n, m))\n","    return np.sum(A_stack * A_stack, axis=2) / m"],"metadata":{"id":"GiH9YfqGvFTy"},"execution_count":null,"outputs":[]},{"cell_type":"markdown","source":["$$\n","\\lim_{m \\to \\infty} \\frac{1}{m} \\sum_{i=1}^m \\mathbf{A}_i^2 = \\mathbf{J}_{10 \\times 10}\n","$$\n","where $\\mathbf{J}$ is a matrix with $1$ as all entries"],"metadata":{"id":"JijQZEbjwnFR"}},{"cell_type":"code","source":["get_sum(10)"],"metadata":{"colab":{"base_uri":"https://localhost:8080/"},"id":"wchsQmNYvzO1","executionInfo":{"status":"ok","timestamp":1660403815827,"user_tz":-480,"elapsed":2,"user":{"displayName":"Yue Yu","userId":"14223085947757121068"}},"outputId":"3736f4bb-7735-42fd-96c9-15ea09b3950e"},"execution_count":null,"outputs":[{"output_type":"execute_result","data":{"text/plain":["array([[1.22596484, 0.32227597, 1.43641751, 0.52228329, 1.39715796,\n","        1.34041288, 0.8355501 , 0.99173622, 1.32704468, 1.18656558],\n","       [0.4284045 , 0.86042057, 0.95917646, 0.6858166 , 1.38590202,\n","        1.06582004, 1.10707997, 0.85959531, 0.80382377, 1.14844754],\n","       [1.42115831, 2.53211933, 0.72616742, 0.53158662, 0.33344917,\n","        0.78860929, 0.50869813, 0.94563216, 1.48439543, 1.43953541],\n","       [0.63871438, 1.1112049 , 1.32692595, 0.94027341, 0.7172683 ,\n","        0.76114131, 1.1605897 , 0.5394559 , 1.50509274, 2.16654848],\n","       [0.80509212, 1.41609605, 0.70912681, 0.88540425, 0.7500674 ,\n","        0.90668785, 1.0040489 , 2.18996686, 0.51699775, 1.35619412],\n","       [0.94469419, 0.9250057 , 0.8021962 , 1.20692883, 0.86153759,\n","        0.60478697, 1.06651746, 1.97566713, 1.40490189, 1.45775706],\n","       [1.67586735, 0.88213793, 0.79605552, 0.90899144, 1.40287182,\n","        0.93524137, 1.43939856, 1.04436507, 0.63488115, 1.27176974],\n","       [1.19900683, 0.56894104, 1.68239134, 0.85649063, 1.06328298,\n","        1.22939671, 0.7344339 , 1.1672453 , 0.68270621, 1.01381504],\n","       [0.58301646, 0.89778541, 0.89999744, 0.69604262, 0.85871863,\n","        1.49739581, 0.42336216, 0.67694596, 1.09076586, 0.70460164],\n","       [0.54372184, 0.6944966 , 1.37868082, 0.22184153, 1.3600938 ,\n","        2.28993987, 0.71807793, 0.91502965, 0.36842128, 1.36107129]])"]},"metadata":{},"execution_count":26}]},{"cell_type":"code","source":["get_sum(100)"],"metadata":{"colab":{"base_uri":"https://localhost:8080/"},"id":"aq5LFyYDvzcd","executionInfo":{"status":"ok","timestamp":1660403816936,"user_tz":-480,"elapsed":2,"user":{"displayName":"Yue Yu","userId":"14223085947757121068"}},"outputId":"164df84e-ea7a-4b29-a727-321844849a01"},"execution_count":null,"outputs":[{"output_type":"execute_result","data":{"text/plain":["array([[0.95193328, 0.92657413, 1.12728851, 0.7156137 , 1.12183717,\n","        0.9820182 , 1.12166552, 1.01264017, 0.87611235, 1.3299511 ],\n","       [0.94409054, 1.0342169 , 0.91470533, 0.97826372, 0.85478431,\n","        1.18668232, 1.2529265 , 1.27720511, 0.88655266, 1.16996123],\n","       [0.99448825, 0.71365572, 0.94951833, 1.29230673, 0.86533127,\n","        1.05403006, 0.84077499, 1.06481177, 1.0225489 , 1.05285525],\n","       [0.87611433, 0.84044428, 1.27178582, 0.99525702, 1.02376722,\n","        0.95556941, 0.80508041, 1.1509754 , 0.97238528, 0.92535725],\n","       [1.17333505, 0.96249601, 1.05076467, 1.1831391 , 1.00005416,\n","        0.9829379 , 0.87689673, 1.13463093, 1.14894276, 1.07532458],\n","       [1.06995532, 1.08228579, 0.94064769, 0.88959714, 1.00233155,\n","        1.00538412, 1.34281086, 1.13836203, 1.25904981, 0.77010965],\n","       [0.95290603, 0.91827588, 0.89229373, 0.86063865, 1.14767681,\n","        0.84924843, 0.85837774, 1.18619197, 1.15670752, 1.09798706],\n","       [1.01583073, 1.0902546 , 0.96304438, 0.79016366, 1.22131954,\n","        1.20683883, 0.90798055, 1.04012425, 0.96595051, 1.01790324],\n","       [1.0866283 , 0.84841255, 0.96634806, 0.89397435, 1.0080472 ,\n","        1.20404904, 0.94980521, 1.06418301, 1.03567123, 1.18998746],\n","       [1.05524939, 0.89253103, 1.00286446, 1.01173343, 0.90764994,\n","        1.03248013, 1.00701638, 1.17245641, 0.92313881, 1.05072166]])"]},"metadata":{},"execution_count":27}]},{"cell_type":"code","source":["get_sum(1000)"],"metadata":{"colab":{"base_uri":"https://localhost:8080/"},"id":"_gmJk7puwmuL","executionInfo":{"status":"ok","timestamp":1660403818110,"user_tz":-480,"elapsed":3,"user":{"displayName":"Yue Yu","userId":"14223085947757121068"}},"outputId":"a6507a62-5d7c-4865-dea2-da2bc534b590"},"execution_count":null,"outputs":[{"output_type":"execute_result","data":{"text/plain":["array([[0.97297283, 0.91708381, 0.99113582, 1.02986991, 0.97813579,\n","        0.96616212, 1.08048155, 0.9857094 , 1.00825049, 0.92089455],\n","       [0.90326547, 0.95969782, 1.03694179, 1.00088547, 0.99765254,\n","        0.96419812, 1.07320683, 0.93282208, 0.97259449, 0.92158757],\n","       [1.02603345, 0.94460727, 0.97534008, 1.04203785, 0.98611667,\n","        0.97126229, 0.94017801, 1.01162351, 0.97578855, 0.92896404],\n","       [0.93881817, 1.05353946, 0.91117764, 1.08373092, 1.03981153,\n","        0.91200108, 0.99223255, 0.9820305 , 0.96072209, 0.99870281],\n","       [1.08702124, 0.94844191, 0.96637633, 1.06292181, 1.03684823,\n","        1.02352936, 0.94075118, 0.99564275, 1.03683417, 0.98582669],\n","       [1.03735946, 0.99372364, 1.04321944, 1.03144312, 0.89384769,\n","        0.96733457, 0.97880142, 0.95010308, 0.96706585, 1.06401647],\n","       [0.94385557, 0.97537574, 0.96440664, 0.99913593, 0.98353679,\n","        1.0179965 , 1.04677632, 1.05847985, 0.95711832, 0.98135122],\n","       [0.99364475, 0.96230817, 0.96486883, 0.95035469, 0.98609323,\n","        0.94324646, 1.02789283, 1.01218185, 0.94057616, 0.96411469],\n","       [1.06306931, 1.01620269, 1.0626475 , 0.99516449, 1.05773286,\n","        0.95402598, 0.9356239 , 0.98330435, 0.98865448, 0.98847776],\n","       [1.00568848, 1.02094915, 0.96182415, 1.0381958 , 1.015126  ,\n","        1.02109444, 1.00470695, 1.05295813, 0.91060859, 0.97731744]])"]},"metadata":{},"execution_count":28}]}]}